WallClockTime=88.1503
FrameworkTimeWriteOutputs=0.39144
MasterAlgorithmSteps=5000
MasterAlgorithmTime=87.7532
ConvergenceFails=0
ConvergenceIterLimitExceeded=0
ErrorTestFails=0
ErrorTestTime=0
Slave[1]Time=0.0836098
Slave[2]Time=16.5562
Slave[3]Time=17.3168
Slave[4]Time=17.9319
Slave[5]Time=17.4239
Slave[6]Time=17.8659
Slave[7]Time=17.7507
Slave[8]Time=18.9188
Slave[9]Time=17.7299
Slave[10]Time=17.2953
Slave[11]Time=17.9383
Slave[12]Time=17.9704
Slave[13]Time=17.8526
Slave[14]Time=18.2506
Slave[15]Time=18.9306
Slave[16]Time=18.5389
Slave[17]Time=18.1096
Slave[18]Time=18.4486
Slave[19]Time=18.6428
Slave[20]Time=19.0506
Slave[21]Time=18.5812
Slave[22]Time=18.4279
Slave[23]Time=18.2256
Slave[24]Time=18.4909
Slave[25]Time=18.6404
Slave[26]Time=18.6509
Slave[27]Time=19.1968
Slave[28]Time=18.8639
Slave[29]Time=19.038
Slave[30]Time=19.7527
Slave[31]Time=19.1924
Slave[32]Time=20.1598
Slave[33]Time=19.4711
Slave[34]Time=19.8895
Slave[35]Time=19.7583
Slave[36]Time=19.9268
Slave[37]Time=19.7434
Slave[38]Time=19.9225
Slave[39]Time=20.4107
Slave[40]Time=20.0963
Slave[41]Time=20.3959
Slave[42]Time=20.765
Slave[43]Time=20.3337
Slave[44]Time=20.1247
Slave[45]Time=21.4997
Slave[46]Time=21.035
Slave[47]Time=20.4134
Slave[48]Time=21.1793
Slave[49]Time=20.5028
Slave[50]Time=20.7234
Slave[51]Time=20.487
Slave[52]Time=21.5561
Slave[53]Time=21.3612
Slave[54]Time=21.5163
Slave[55]Time=21.2052
Slave[56]Time=21.9178
Slave[57]Time=22.026
Slave[58]Time=21.7919
Slave[59]Time=22.6746
Slave[60]Time=22.6477
Slave[61]Time=22.4171
Slave[62]Time=23.5791
Slave[63]Time=24.0305
Slave[64]Time=24.6575
Slave[65]Time=25.6002
Slave[66]Time=25.7222
Slave[67]Time=26.2709
Slave[68]Time=26.5914
Slave[69]Time=27.3584
Slave[70]Time=27.7317
Slave[71]Time=27.5698
Slave[72]Time=29.1108
Slave[73]Time=27.8258
