WallClockTime=43.9635
FrameworkTimeWriteOutputs=0.260791
MasterAlgorithmSteps=5000
MasterAlgorithmTime=43.6997
ConvergenceFails=0
ConvergenceIterLimitExceeded=0
ErrorTestFails=0
ErrorTestTime=0
Slave[1]Time=0.0564147
Slave[2]Time=21.7921
Slave[3]Time=23.028
Slave[4]Time=22.0478
Slave[5]Time=21.707
Slave[6]Time=22.6208
Slave[7]Time=23.4017
Slave[8]Time=22.1398
Slave[9]Time=22.7317
Slave[10]Time=22.4591
Slave[11]Time=23.7705
Slave[12]Time=22.4983
Slave[13]Time=23.4362
Slave[14]Time=23.7205
Slave[15]Time=23.9552
Slave[16]Time=24.2304
Slave[17]Time=24.0885
