WallClockTime=62.2499
FrameworkTimeWriteOutputs=0.300067
MasterAlgorithmSteps=5000
MasterAlgorithmTime=61.9465
ConvergenceFails=0
ConvergenceIterLimitExceeded=0
ErrorTestFails=0
ErrorTestTime=0
Slave[1]Time=0.059198
Slave[2]Time=22.0995
Slave[3]Time=21.4087
Slave[4]Time=21.846
Slave[5]Time=23.3082
Slave[6]Time=22.264
Slave[7]Time=22.9984
Slave[8]Time=23.8424
Slave[9]Time=22.4806
Slave[10]Time=24.3807
Slave[11]Time=25.147
Slave[12]Time=23.4577
Slave[13]Time=24.2982
Slave[14]Time=24.5469
Slave[15]Time=24.6747
Slave[16]Time=24.7616
Slave[17]Time=24.0397
Slave[18]Time=24.2786
Slave[19]Time=25.8877
Slave[20]Time=25.3774
Slave[21]Time=25.6643
Slave[22]Time=24.6987
Slave[23]Time=25.6478
Slave[24]Time=24.6603
Slave[25]Time=25.0834
