WallClockTime=1350.47
FrameworkTimeWriteOutputs=0.561196
MasterAlgorithmSteps=5000
MasterAlgorithmTime=1349.91
ConvergenceFails=0
ConvergenceIterLimitExceeded=0
ErrorTestFails=0
ErrorTestTime=0
Slave[1]Time=0.107402
Slave[2]Time=23.354
Slave[3]Time=24.0322
Slave[4]Time=26.1378
Slave[5]Time=23.9304
Slave[6]Time=23.5489
Slave[7]Time=24.0354
Slave[8]Time=24.5485
Slave[9]Time=24.0923
Slave[10]Time=23.6386
Slave[11]Time=24.7404
Slave[12]Time=23.1845
Slave[13]Time=24.315
Slave[14]Time=23.7263
Slave[15]Time=23.5619
Slave[16]Time=23.5677
Slave[17]Time=24.1019
Slave[18]Time=24.2099
Slave[19]Time=24.7263
Slave[20]Time=24.0727
Slave[21]Time=24.1007
Slave[22]Time=24.9517
Slave[23]Time=24.3081
Slave[24]Time=24.3448
Slave[25]Time=24.1109
Slave[26]Time=24.1102
Slave[27]Time=23.6408
Slave[28]Time=24.0521
Slave[29]Time=23.128
Slave[30]Time=24.0089
Slave[31]Time=24.1359
Slave[32]Time=24.3246
Slave[33]Time=24.2601
Slave[34]Time=24.421
Slave[35]Time=23.4746
Slave[36]Time=24.1351
Slave[37]Time=23.7476
Slave[38]Time=23.311
Slave[39]Time=23.351
Slave[40]Time=24.1531
Slave[41]Time=24.6918
Slave[42]Time=23.9102
Slave[43]Time=23.4613
Slave[44]Time=24.6168
Slave[45]Time=23.739
Slave[46]Time=23.1791
Slave[47]Time=23.5465
Slave[48]Time=23.7769
Slave[49]Time=23.7328
Slave[50]Time=23.3064
Slave[51]Time=23.1632
Slave[52]Time=28.8699
Slave[53]Time=24.4225
Slave[54]Time=23.8847
Slave[55]Time=24.9346
Slave[56]Time=23.8229
Slave[57]Time=24.5033
