WallClockTime=1535.54
FrameworkTimeWriteOutputs=0.574029
MasterAlgorithmSteps=5000
MasterAlgorithmTime=1534.96
ConvergenceFails=0
ConvergenceIterLimitExceeded=0
ErrorTestFails=0
ErrorTestTime=0
Slave[1]Time=0.104498
Slave[2]Time=24.1511
Slave[3]Time=24.0637
Slave[4]Time=23.7722
Slave[5]Time=23.5809
Slave[6]Time=23.3627
Slave[7]Time=23.8995
Slave[8]Time=23.6083
Slave[9]Time=25.0879
Slave[10]Time=23.4516
Slave[11]Time=24.1284
Slave[12]Time=23.1849
Slave[13]Time=24.1715
Slave[14]Time=24.1317
Slave[15]Time=23.6753
Slave[16]Time=24.357
Slave[17]Time=23.8678
Slave[18]Time=24.7407
Slave[19]Time=24.0974
Slave[20]Time=23.3808
Slave[21]Time=23.4649
Slave[22]Time=23.9794
Slave[23]Time=24.8787
Slave[24]Time=23.3967
Slave[25]Time=23.808
Slave[26]Time=23.6523
Slave[27]Time=23.8627
Slave[28]Time=23.3543
Slave[29]Time=23.3667
Slave[30]Time=24.0756
Slave[31]Time=23.9304
Slave[32]Time=24.0672
Slave[33]Time=24.2721
Slave[34]Time=23.5083
Slave[35]Time=24.4021
Slave[36]Time=23.214
Slave[37]Time=23.3398
Slave[38]Time=24.3418
Slave[39]Time=24.0841
Slave[40]Time=23.6063
Slave[41]Time=23.5385
Slave[42]Time=23.5973
Slave[43]Time=24.0262
Slave[44]Time=23.5124
Slave[45]Time=24.8104
Slave[46]Time=25.3501
Slave[47]Time=24.6634
Slave[48]Time=24.026
Slave[49]Time=23.4218
Slave[50]Time=23.8741
Slave[51]Time=24.3206
Slave[52]Time=24.3921
Slave[53]Time=24.739
Slave[54]Time=23.4602
Slave[55]Time=24.2778
Slave[56]Time=23.3492
Slave[57]Time=24.0469
Slave[58]Time=23.3144
Slave[59]Time=24.6339
Slave[60]Time=24.8288
Slave[61]Time=24.101
Slave[62]Time=23.8399
Slave[63]Time=24.5695
Slave[64]Time=24.5576
Slave[65]Time=23.5309
