WallClockTime=71.9834
FrameworkTimeWriteOutputs=0.321798
MasterAlgorithmSteps=5000
MasterAlgorithmTime=71.6582
ConvergenceFails=0
ConvergenceIterLimitExceeded=0
ErrorTestFails=0
ErrorTestTime=0
Slave[1]Time=0.0632549
Slave[2]Time=21.335
Slave[3]Time=21.5965
Slave[4]Time=21.5491
Slave[5]Time=22.3965
Slave[6]Time=23.2656
Slave[7]Time=23.3349
Slave[8]Time=22.6142
Slave[9]Time=23.5851
Slave[10]Time=23.6626
Slave[11]Time=22.3585
Slave[12]Time=23.0721
Slave[13]Time=23.847
Slave[14]Time=23.5683
Slave[15]Time=23.8129
Slave[16]Time=24.452
Slave[17]Time=24.1445
Slave[18]Time=25.1321
Slave[19]Time=24.1118
Slave[20]Time=25.3732
Slave[21]Time=24.9252
Slave[22]Time=24.9379
Slave[23]Time=25.7387
Slave[24]Time=25.6486
Slave[25]Time=25.5644
Slave[26]Time=26.3533
Slave[27]Time=26.6403
Slave[28]Time=26.0133
Slave[29]Time=25.746
Slave[30]Time=26.6519
Slave[31]Time=25.4781
Slave[32]Time=25.6221
Slave[33]Time=26.3712
