WallClockTime=968.939
FrameworkTimeWriteOutputs=0.531364
MasterAlgorithmSteps=5000
MasterAlgorithmTime=968.403
ConvergenceFails=0
ConvergenceIterLimitExceeded=0
ErrorTestFails=0
ErrorTestTime=0
Slave[1]Time=0.092128
Slave[2]Time=24.1098
Slave[3]Time=24.2099
Slave[4]Time=23.1899
Slave[5]Time=24.0595
Slave[6]Time=23.7917
Slave[7]Time=23.8933
Slave[8]Time=24.4496
Slave[9]Time=24.1342
Slave[10]Time=23.8101
Slave[11]Time=24.1525
Slave[12]Time=24.1558
Slave[13]Time=23.2465
Slave[14]Time=23.2694
Slave[15]Time=23.8316
Slave[16]Time=23.3541
Slave[17]Time=23.7463
Slave[18]Time=26.5488
Slave[19]Time=24.5123
Slave[20]Time=23.4796
Slave[21]Time=24.4374
Slave[22]Time=23.62
Slave[23]Time=23.8633
Slave[24]Time=24.3765
Slave[25]Time=24.3031
Slave[26]Time=23.9306
Slave[27]Time=24.8979
Slave[28]Time=25.4274
Slave[29]Time=23.9148
Slave[30]Time=24.7809
Slave[31]Time=24.7281
Slave[32]Time=23.8684
Slave[33]Time=24.9055
Slave[34]Time=25.3831
Slave[35]Time=24.1027
Slave[36]Time=25.5347
Slave[37]Time=23.491
Slave[38]Time=24.02
Slave[39]Time=23.9115
Slave[40]Time=24.5211
Slave[41]Time=23.8958
