WallClockTime=1152.07
FrameworkTimeWriteOutputs=0.544752
MasterAlgorithmSteps=5000
MasterAlgorithmTime=1151.52
ConvergenceFails=0
ConvergenceIterLimitExceeded=0
ErrorTestFails=0
ErrorTestTime=0
Slave[1]Time=0.104236
Slave[2]Time=24.1335
Slave[3]Time=23.6404
Slave[4]Time=24.1336
Slave[5]Time=23.5117
Slave[6]Time=24.1991
Slave[7]Time=23.8361
Slave[8]Time=24.1298
Slave[9]Time=23.3847
Slave[10]Time=24.719
Slave[11]Time=23.8849
Slave[12]Time=24.7418
Slave[13]Time=23.9156
Slave[14]Time=23.497
Slave[15]Time=25.411
Slave[16]Time=23.5214
Slave[17]Time=24.0195
Slave[18]Time=24.6827
Slave[19]Time=24.8346
Slave[20]Time=24.021
Slave[21]Time=23.432
Slave[22]Time=24.7017
Slave[23]Time=24.0809
Slave[24]Time=24.4632
Slave[25]Time=24.0868
Slave[26]Time=24.0373
Slave[27]Time=24.004
Slave[28]Time=24.3332
Slave[29]Time=24.0396
Slave[30]Time=23.5756
Slave[31]Time=23.6288
Slave[32]Time=23.4397
Slave[33]Time=24.0681
Slave[34]Time=23.3317
Slave[35]Time=23.5481
Slave[36]Time=23.4068
Slave[37]Time=24.3363
Slave[38]Time=23.4282
Slave[39]Time=23.5995
Slave[40]Time=23.9015
Slave[41]Time=24.3075
Slave[42]Time=23.2173
Slave[43]Time=24.1675
Slave[44]Time=23.7794
Slave[45]Time=24.1
Slave[46]Time=23.702
Slave[47]Time=24.537
Slave[48]Time=23.3024
Slave[49]Time=24.0952
