WallClockTime=93.453
FrameworkTimeWriteOutputs=0.466036
MasterAlgorithmSteps=5000
MasterAlgorithmTime=92.9822
ConvergenceFails=0
ConvergenceIterLimitExceeded=0
ErrorTestFails=0
ErrorTestTime=0
Slave[1]Time=0.0901081
Slave[2]Time=17.9023
Slave[3]Time=18.799
Slave[4]Time=18.8467
Slave[5]Time=18.7597
Slave[6]Time=18.9681
Slave[7]Time=18.3255
Slave[8]Time=19.1575
Slave[9]Time=18.9624
Slave[10]Time=18.8688
Slave[11]Time=19.8649
Slave[12]Time=19.069
Slave[13]Time=18.8108
Slave[14]Time=18.4448
Slave[15]Time=19.8314
Slave[16]Time=19.8442
Slave[17]Time=19.2966
Slave[18]Time=19.6808
Slave[19]Time=19.3479
Slave[20]Time=19.8634
Slave[21]Time=19.2586
Slave[22]Time=19.492
Slave[23]Time=20.5112
Slave[24]Time=19.7676
Slave[25]Time=19.4498
Slave[26]Time=20.3997
Slave[27]Time=19.5824
Slave[28]Time=20.314
Slave[29]Time=20.3025
Slave[30]Time=20.4071
Slave[31]Time=19.4522
Slave[32]Time=21.0915
Slave[33]Time=19.8603
Slave[34]Time=20.1959
Slave[35]Time=19.7544
Slave[36]Time=20.6612
Slave[37]Time=19.5957
Slave[38]Time=19.4199
Slave[39]Time=20.3771
Slave[40]Time=20.7337
Slave[41]Time=20.4896
Slave[42]Time=20.6789
Slave[43]Time=21.0328
Slave[44]Time=19.9504
Slave[45]Time=20.7627
Slave[46]Time=21.2241
Slave[47]Time=20.6649
Slave[48]Time=20.2618
Slave[49]Time=20.7288
Slave[50]Time=19.985
Slave[51]Time=20.0898
Slave[52]Time=20.1924
Slave[53]Time=21.2292
Slave[54]Time=20.4351
Slave[55]Time=21.8893
Slave[56]Time=22.2593
Slave[57]Time=22.1178
Slave[58]Time=20.8414
Slave[59]Time=21.5091
Slave[60]Time=22.3059
Slave[61]Time=22.0442
Slave[62]Time=22.2543
Slave[63]Time=24.6649
Slave[64]Time=25.3173
Slave[65]Time=26.0234
Slave[66]Time=25.6748
Slave[67]Time=26.9558
Slave[68]Time=28.1688
Slave[69]Time=28.3884
Slave[70]Time=28.0712
Slave[71]Time=27.8656
Slave[72]Time=28.5835
Slave[73]Time=28.6267
Slave[74]Time=29.0952
Slave[75]Time=28.4396
Slave[76]Time=27.9024
Slave[77]Time=28.5044
Slave[78]Time=29.0799
Slave[79]Time=29.2544
Slave[80]Time=29.7485
Slave[81]Time=30.8814
