WallClockTime=124.905
FrameworkTimeWriteOutputs=0.625903
MasterAlgorithmSteps=5000
MasterAlgorithmTime=124.272
ConvergenceFails=0
ConvergenceIterLimitExceeded=0
ErrorTestFails=0
ErrorTestTime=0
Slave[1]Time=0.147941
Slave[2]Time=42.5644
Slave[3]Time=43.3933
Slave[4]Time=43.6092
Slave[5]Time=44.172
Slave[6]Time=42.9671
Slave[7]Time=44.482
Slave[8]Time=45.1959
Slave[9]Time=45.3266
Slave[10]Time=44.0473
Slave[11]Time=46.246
Slave[12]Time=46.5479
Slave[13]Time=47.9461
Slave[14]Time=47.4431
Slave[15]Time=46.6911
Slave[16]Time=47.9285
Slave[17]Time=49.0845
Slave[18]Time=47.3286
Slave[19]Time=48.6105
Slave[20]Time=48.8606
Slave[21]Time=47.3349
Slave[22]Time=47.2069
Slave[23]Time=47.8966
Slave[24]Time=48.6748
Slave[25]Time=48.1002
Slave[26]Time=49.5824
Slave[27]Time=48.5678
Slave[28]Time=48.6664
Slave[29]Time=51.5329
Slave[30]Time=49.5706
Slave[31]Time=49.6677
Slave[32]Time=48.4915
Slave[33]Time=50.0642
